95
800
33
153
451
175
743
316
983
668
244
319
189
642
257
298
493
419
941
69
425
724
819
162
11
313
385
975
623
489
565
387
729
128
809
13
295
227
638
789
152
553
93
954
788
995
993
230
80
955
421
885
669
2
495
418
498
28
146
144
448
736
652
776
578
698
872
180
684
728
490
484
402
566
559
910
262
601
384
270
177
75
548
440
666
979
332
580
737
544
682
360
755
68
94
196
310
770
37
131
547
478
157
843
695
67
762
849
701
294
836
549
615
706
159
608
742
474
248
958
857
170
10
938
70
116
882
289
618
841
114
235
519
377
251
246
884
420
859
957
427
657
88
127
307
405
312
463
661
212
85
496
602
646
275
232
660
57
917
477
775
837
417
23
936
974
773
219
673
527
953
464
442
236
82
683
763
77
141
90
288
650
129
250
814
867
529
297
856
285
143
86
515
860
899
318
740
693
985
123
138
685
687
906
423
539
783
154
575
552
761
969
220
437
966
907
790
314
15
334
822
365
36
520
462
103
454
781
269
32
664
996
178
924
336
794
508
347
619
528
371
759
710
7
327
765
634
98
164
676
401
865
918
509
25
637
718
538
443
920
875
896
984
135
891
862
492
505
694
446
422
839
848
927
78
343
518
147
587
502
605
756
48
909
731
879
158
805
598
458
697
644
239
134
888
793
921
113
769
400
431
40
352
535
956
596
284
214
63
946
21
629
663
106
3
501
937
838
397
410
473
349
733
844
380
829
326
932
727
102
204
970
952
39
641
563
83
386
368
382
193
259
43
821
655
991
705
441
744
59
511
898
108
950
610
267
206
358
734
606
778
379
622
301
739
52
362
223
79
540
817
18
903
550
866
389
291
53
804
412
830
185
277
767
181
433
597
523
481
960
801
238
335
603
688
407
249
500
786
130
323
216
126
465
356
299
968
124
260
787
460
350
774
555
992
337
901
234
659
592
616
49
120
87
176
599
526
994
9
133
205
411
892
922
374
831
625
784
973
514
225
486
16
376
916
905
339
56
825
282
686
717
572
118
20
233
203
254
149
648
328
329
933
671
163
274
73
366
703
600
816
928
497
545
202
571
494
179
396
303
97
344
752
577
439
632
827
881
488
300
395
27
887
546
62
359
834
342
802
725
363
785
558
413
780
160
499
832
166
119
935
607
948
38
826
943
812
151
459
330
309
276
286
280
370
491
171
243
393
704
940
255
100
188
719
754
534
633
324
372
245
414
293
929
690
627
19
471
988
315
475
853
487
726
715
306
971
588
574
308
583
581
813
449
191
911
137
847
201
651
850
392
472
797
798
256
242
791
530
764
883
415
391
576
261
174
681
96
322
609
964
914
513
468
445
654
408
748
111
732
854
923
833
139
404
980
987
104
503
689
931
803
855
321
6
428
145
998
452
207
963
745
878
66
662
403
435
226
485
345
647
287
649
978
148
466
738
467
863
747
949
240
112
977
851
117
708
378
331
868
121
961
799
897
252
264
228
873
986
198
74
626
590
570
944
942
554
542
357
895
340
643
200
55
880
279
589
333
272
828
533
926
591
231
766
665
17
792
537
965
890
290
211
210
522
930
852
711
8
915
338
517
213
173
91
229
161
702
507
222
195
506
115
997
713
438
640
50
142
749
516
107
990
962
741
846
584
65
346
480
678
628
136
568
674
679
354
76
5
258
172
614
864
604
416
296
81
155
808
541
109
30
700
573
624
902
807
110
186
696
714
24
247
453
982
631
169
4
861
900
1
525
569
278
908
42
51
947
620
691
869
586
524
434
532
707
224
355
894
34
561
972
818
125
1000
469
692
567
71
531
904
772
266
824
716
364
156
639
58
470
653
351
353
283
432
341
429
613
253
61
105
450
658
945
122
84
479
399
757
150
840
383
556
512
675
594
760
612
823
723
390
41
564
845
967
237
217
167
72
381
677
369
388
273
325
835
782
373
806
461
893
265
562
168
989
361
22
221
409
241
521
183
877
712
64
758
871
560
192
215
92
424
636
14
810
35
912
735
645
218
913
751
394
182
815
621
268
796
305
667
842
630
919
746
939
101
670
209
779
771
398
26
999
874
320
281
430
140
199
981
536
925
543
951
317
593
187
680
504
208
635
406
436
811
165
557
720
611
194
304
482
54
476
348
510
795
699
617
375
889
132
302
730
367
12
197
870
184
271
886
89
585
292
777
876
551
60
750
483
447
959
457
456
455
99
858
820
444
934
595
672
263
31
709
426
582
579
976
190
656
768
753
